200
0 600
10 600
20 600
30 600
40 600
50 600
60 600
70 600
80 600
90 600
100 600
110 600
120 600
130 600
140 600
150 600
160 600
170 600
180 600
190 600
200 600
210 600
220 600
230 600
240 600
250 600
260 600
270 600
280 600
290 600
300 600
310 600
320 600
330 600
340 600
350 600
360 600
370 600
380 600
390 600
400 600
410 600
420 600
430 600
440 600
450 600
460 600
470 600
480 600
490 600
500 600
510 600
520 600
530 600
540 600
550 600
550 600
550 590
550 580
550 570
550 560
550 550
550 540
550 530
550 520
550 510
550 500
550 490
550 480
550 470
550 460
550 450
550 440
550 430
550 420
550 410
550 400
550 400
560 400
570 400
580 400
590 400
600 400
610 400
620 400
630 400
640 400
650 400
660 400
670 400
680 400
690 400
700 400
710 400
720 400
730 400
740 400
750 400
760 400
770 400
780 400
790 400
800 400
810 400
820 400
830 400
840 400
850 400
860 400
870 400
880 400
890 400
900 400
910 400
920 400
930 400
940 400
950 400
950 400
950 390
950 380
950 370
950 360
950 350
950 340
950 330
950 320
950 310
950 300
950 300
960 300
970 300
980 300
990 300
1000 300
1010 300
1020 300
1030 300
1040 300
1050 300
1060 300
1070 300
1080 300
1090 300
1100 300
1110 300
1120 300
1130 300
1140 300
1150 300
1160 300
1170 300
1180 300
1190 300
1200 300
1210 300
1220 300
1230 300
1240 300
1250 300
1260 300
1270 300
1280 300
1290 300
1300 300
1310 300
1320 300
1330 300
1340 300
1350 300
1350 300
1350 290
1350 280
1350 270
1350 260
1350 250
1350 240
1350 230
1350 220
1350 210
1350 200
1350 190
1350 180
1350 170
1350 160
1350 150
1350 140
1350 130
1350 120
1350 110
1350 100
1350 90
1350 80
1350 70
1350 60
1350 50
1350 40
1350 30
1350 20
1350 10
1350 0
