395
0 600
5 600
10 600
15 600
20 600
25 600
30 600
35 600
40 600
45 600
50 600
55 600
60 600
65 600
70 600
75 600
80 600
85 600
90 600
95 600
100 600
105 600
110 600
115 600
120 600
125 600
130 600
135 600
140 600
145 600
150 600
155 600
160 600
165 600
170 600
175 600
180 600
185 600
190 600
195 600
200 600
205 600
210 600
215 600
220 600
225 600
230 600
235 600
240 600
245 600
250 600
255 600
260 600
265 600
270 600
275 600
280 600
285 600
290 600
295 600
300 600
305 600
310 600
315 600
320 600
325 600
330 600
335 600
340 600
345 600
350 600
355 600
360 600
365 600
370 600
375 600
380 600
385 600
390 600
395 600
400 600
405 600
410 600
415 600
420 600
425 600
430 600
435 600
440 600
445 600
450 600
455 600
460 600
465 600
470 600
475 600
480 600
485 600
490 600
495 600
500 600
505 600
510 600
515 600
520 600
525 600
530 600
535 600
540 600
545 600
550 600
550 600
550 595
550 590
550 585
550 580
550 575
550 570
550 565
550 560
550 555
550 550
550 545
550 540
550 535
550 530
550 525
550 520
550 515
550 510
550 505
550 500
550 495
550 490
550 485
550 480
550 475
550 470
550 465
550 460
550 455
550 450
550 445
550 440
550 435
550 430
550 425
550 420
550 415
550 410
550 405
550 400
550 400
555 400
560 400
565 400
570 400
575 400
580 400
585 400
590 400
595 400
600 400
605 400
610 400
615 400
620 400
625 400
630 400
635 400
640 400
645 400
650 400
655 400
660 400
665 400
670 400
675 400
680 400
685 400
690 400
695 400
700 400
705 400
710 400
715 400
720 400
725 400
730 400
735 400
740 400
745 400
750 400
755 400
760 400
765 400
770 400
775 400
780 400
785 400
790 400
795 400
800 400
805 400
810 400
815 400
820 400
825 400
830 400
835 400
840 400
845 400
850 400
855 400
860 400
865 400
870 400
875 400
880 400
885 400
890 400
895 400
900 400
905 400
910 400
915 400
920 400
925 400
930 400
935 400
940 400
945 400
950 400
950 400
950 395
950 390
950 385
950 380
950 375
950 370
950 365
950 360
950 355
950 350
950 345
950 340
950 335
950 330
950 325
950 320
950 315
950 310
950 305
950 300
950 300
955 300
960 300
965 300
970 300
975 300
980 300
985 300
990 300
995 300
1000 300
1005 300
1010 300
1015 300
1020 300
1025 300
1030 300
1035 300
1040 300
1045 300
1050 300
1055 300
1060 300
1065 300
1070 300
1075 300
1080 300
1085 300
1090 300
1095 300
1100 300
1105 300
1110 300
1115 300
1120 300
1125 300
1130 300
1135 300
1140 300
1145 300
1150 300
1155 300
1160 300
1165 300
1170 300
1175 300
1180 300
1185 300
1190 300
1195 300
1200 300
1205 300
1210 300
1215 300
1220 300
1225 300
1230 300
1235 300
1240 300
1245 300
1250 300
1255 300
1260 300
1265 300
1270 300
1275 300
1280 300
1285 300
1290 300
1295 300
1300 300
1305 300
1310 300
1315 300
1320 300
1325 300
1330 300
1335 300
1340 300
1345 300
1350 300
1350 300
1350 295
1350 290
1350 285
1350 280
1350 275
1350 270
1350 265
1350 260
1350 255
1350 250
1350 245
1350 240
1350 235
1350 230
1350 225
1350 220
1350 215
1350 210
1350 205
1350 200
1350 195
1350 190
1350 185
1350 180
1350 175
1350 170
1350 165
1350 160
1350 155
1350 150
1350 145
1350 140
1350 135
1350 130
1350 125
1350 120
1350 115
1350 110
1350 105
1350 100
1350 95
1350 90
1350 85
1350 80
1350 75
1350 70
1350 65
1350 60
1350 55
1350 50
1350 45
1350 40
1350 35
1350 30
1350 25
1350 20
1350 15
1350 10
1350 5
1350 0
