132
0 600
15 600
30 600
45 600
60 600
75 600
90 600
105 600
120 600
135 600
150 600
165 600
180 600
195 600
210 600
225 600
240 600
255 600
270 600
285 600
300 600
315 600
330 600
345 600
360 600
375 600
390 600
405 600
420 600
435 600
450 600
465 600
480 600
495 600
510 600
525 600
540 600
550 600
550 585
550 570
550 555
550 540
550 525
550 510
550 495
550 480
550 465
550 450
550 435
550 420
550 405
550 400
565 400
580 400
595 400
610 400
625 400
640 400
655 400
670 400
685 400
700 400
715 400
730 400
745 400
760 400
775 400
790 400
805 400
820 400
835 400
850 400
865 400
880 400
895 400
910 400
925 400
940 400
950 400
950 385
950 370
950 355
950 340
950 325
950 310
950 300
965 300
980 300
995 300
1010 300
1025 300
1040 300
1055 300
1070 300
1085 300
1100 300
1115 300
1130 300
1145 300
1160 300
1175 300
1190 300
1205 300
1220 300
1235 300
1250 300
1265 300
1280 300
1295 300
1310 300
1325 300
1340 300
1350 300
1350 285
1350 270
1350 255
1350 240
1350 225
1350 210
1350 195
1350 180
1350 165
1350 150
1350 135
1350 120
1350 105
1350 90
1350 75
1350 60
1350 45
1350 30
1350 15
1350 0
