83
0 600
24 600
48 600
72 600
96 600
120 600
144 600
168 600
192 600
216 600
240 600
264 600
288 600
312 600
336 600
360 600
384 600
408 600
432 600
456 600
480 600
504 600
528 600
550 600
550 576
550 552
550 528
550 504
550 480
550 456
550 432
550 408
550 400
574 400
598 400
622 400
646 400
670 400
694 400
718 400
742 400
766 400
790 400
814 400
838 400
862 400
886 400
910 400
934 400
950 400
950 376
950 352
950 328
950 304
950 300
974 300
998 300
1022 300
1046 300
1070 300
1094 300
1118 300
1142 300
1166 300
1190 300
1214 300
1238 300
1262 300
1286 300
1310 300
1334 300
1350 300
1350 276
1350 252
1350 228
1350 204
1350 180
1350 156
1350 132
1350 108
1350 84
1350 60
1350 36
1350 12
